1

32

0 0 0
0 0 100
800 0 0
800 0 100

800 450 0
800 450 100
0 450 0
0 450 100

500 100 0
500 100 100
500 200 0
500 200 100

600 200 0
600 200 100
600 300 0
600 300 100

700 300 0
700 300 100
700 100 0
700 100 100

100 200 100
100 250 0
150 250 100
150 200 0

200 300 100
200 350 0
250 350 100
250 300 0

50 350 100
50 400 0
100 400 100
100 350 0

12

1 2 3 1
2 4 3 1

3 4 5 2
4 6 5 2

5 6 7 1
6 8 7 1

7 8 1 2
8 2 1 2

9 10 11 3
10 12 11 3

11 12 13 4
12 14 13 4

6 7 4
7 8 3
8 9 4
9 10 3
10 5 4

11 12 5
12 13 6
13 14 5
14 11 6

15 16 5
16 17 6
17 18 5
18 15 6

19 20 5
20 21 6
21 22 5
22 19 6



// number of sectors
// number of vertexs in sector
// each vertex coordinates (x,y,z) followed by material (each material has an int)
// number of walls in sector
// each walls vertexs followed by material (each material has an int)
// 4 5 0 2
